bins	taxon	total_length	num_contigs	N50	GC_content	percent_completion	percent_redundancy
MAXBIN__001	Nitrosopumilus	1522272	658	2649	31.032753049830912	94.73684210526316	44.73684210526316
MAXBIN__002	Candidatus Thioglobus	1968885	678	3615	37.071574540279926	91.54929577464789	29.577464788732396
MAXBIN__003	Unknown	1804839	315	8810	40.33745607629663	95.77464788732394	4.225352112676056
MAXBIN__004	Unknown	3395989	1417	2766	42.06731177095603	94.36619718309859	32.394366197183096
MAXBIN__005	Unknown_Euryarchaeota	1701084	258	12297	56.38579209855007	89.47368421052632	6.578947368421052
MAXBIN__006	Unknown_Thaumarchaeota	1974434	943	2314	35.42162167474029	89.47368421052632	109.21052631578948
MAXBIN__007	Unknown_Actinobacteria	2303772	354	13326	67.30302573515932	84.50704225352112	26.760563380281692
MAXBIN__008	Candidatus Pelagibacter	1405312	757	1873	33.039519417292404	39.436619718309856	29.577464788732396
MAXBIN__009	Unknown_Actinobacteria	352101	120	3737	62.54310619000331	0.0	0.0
MAXBIN__010	Unknown_Actinobacteria	2101828	490	6177	69.83154668965197	29.577464788732396	12.67605633802817
MAXBIN__011	Nitrosopumilus	2013938	1069	1917	30.295209534791915	55.26315789473684	65.78947368421052
MAXBIN__012	Unknown_Actinobacteria	624976	193	4126	65.67908371032904	56.33802816901409	42.25352112676056
MAXBIN__013	Unknown	1858472	914	2169	40.83829525291714	0.0	0.0
MAXBIN__014	Unknown_Actinobacteria	1777283	448	5895	68.58693064279356	36.61971830985915	22.535211267605632
MAXBIN__015	Candidatus Thioglobus	2413961	1128	2389	36.802072781461305	77.46478873239437	53.521126760563384
MAXBIN__016	Unknown	2790201	1025	3185	39.32925954406807	70.4225352112676	42.25352112676056
MAXBIN__017	Unknown_Thaumarchaeota	189098	74	2873	34.5710864577470.0	0.0
MAXBIN__018	Candidatus Pelagibacter	1785753	1151	1473	28.89315826674644	71.83098591549296	88.73239436619718
MAXBIN__019	Nitrosopumilus	102193	42	2680	34.602984906019415	0.0	0.0
MAXBIN__020	Nitrosopumilus	168524	53	4360	31.75116209484733	0.0	0.0
MAXBIN__021	Unknown_Thaumarchaeota	503691	235	2434	33.60683698653993	36.8421052631579	23.68421052631579
MAXBIN__022	Nitrosopumilus	858576	450	2023	33.12332491909258	35.526315789473685	28.94736842105263
MAXBIN__023	Nitrosopumilus	100646	36	3830	34.49926306024864	0.0	0.0
MAXBIN__024	Unknown	2783233	1106	2989	42.818841119540025	49.29577464788732	23.943661971830984
MAXBIN__025	Unknown	3033608	1193	3131	62.16240890718452	46.478873239436616	25.35211267605634
MAXBIN__026	Unknown	1741597	649	3556	35.87261649506633	63.38028169014085	26.760563380281692
MAXBIN__027	Unknown_Euryarchaeota	1729508	183	27914	45.69482678027296	93.42105263157895	10.526315789473685
MAXBIN__028	Unknown	2687503	1048	3140	57.84347758961249	73.2394366197183	30.985915492957748
MAXBIN__029	Unknown	836176	190	7176	36.78939720780096	30.985915492957748	5.633802816901408
MAXBIN__030	Unknown	731562	238	3836	36.6520271113348	74.64788732394366	45.070422535211264
MAXBIN__031	Nitrosopumilus	142374	59	2838	32.033178672719906	19.718309859154928	11.267605633802816
MAXBIN__032	Nitrosopumilus	124808	63	2192	32.04769409534431	2.4096385542168677	0.0
MAXBIN__033	Unknown	1872977	619	5018	36.53879525408669	61.971830985915496	15.492957746478874
MAXBIN__034	Unknown	1945396	789	2955	50.58080816555921	0.0	0.0
MAXBIN__035	Unknown_Thaumarchaeota	2427856	1151	2158	37.72757181983237	78.87323943661971	66.19718309859155
MAXBIN__036	Unknown	1604856	564	3584	38.772856216207394	50.70422535211268	38.028169014084504
MAXBIN__037	Unknown	2703462	1282	2233	40.47879092183759	0.0	0.0
MAXBIN__038	Unknown_Euryarchaeota	2318008	818	3848	55.63795234124977	89.47368421052632	30.263157894736842
MAXBIN__039	Candidatus Pelagibacter	2658954	1528	1662	33.33054808563033	70.4225352112676	97.1830985915493
MAXBIN__040	Nitrospina	3131672	615	12656	46.57177596647461	90.14084507042253	9.859154929577464
MAXBIN__041	Unknown	2568760	946	3405	29.255569859814862	83.09859154929578	63.38028169014085
MAXBIN__042	Unknown_Actinobacteria	3227666	743	16367	68.82488610059119	100.0	32.394366197183096
MAXBIN__043	Unknown	2011517	760	3378	32.963894167675974	42.25352112676056	19.718309859154928
MAXBIN__044	Unknown_Gammaproteobacteria	3405312	204	72167	44.34629986416404	100.0	4.225352112676056
MAXBIN__045	Unknown	3555602	1332	3412	55.157628466283235	80.28169014084507	29.577464788732396
MAXBIN__046	Candidatus Pelagibacter	1203373	581	2212	30.45151956036355	38.028169014084504	19.718309859154928
MAXBIN__047	Candidatus Pelagibacter	1164396	709	1616	30.334806534356858	56.33802816901409	47.88732394366197
MAXBIN__048	Unknown	1066582	286	6625	37.78845043676784	0.0	0.0
MAXBIN__049	Unknown	393023	162	2740	34.37354451124595	38.028169014084504	43.66197183098591
MAXBIN__050	Candidatus Thioglobus	2069583	970	2268	39.94576185939079	0.0	0.0
MAXBIN__051	Unknown_Euryarchaeota	2174080	892	2859	36.67320677030799	71.05263157894737	36.8421052631579
MAXBIN__052	Candidatus Thioglobus	489254	245	2076	36.01462338283788	32.394366197183096	12.67605633802817
MAXBIN__053	Candidatus Thioglobus	933148	446	2185	36.31966791461532	36.61971830985915	8.450704225352112
MAXBIN__054	Unknown	596916	128	8426	35.204996020548066	0.0	0.0
MAXBIN__055	Candidatus Thioglobus	238809	93	3440	37.00662738588479	0.0	0.0
MAXBIN__056	Unknown	2725796	979	3436	54.26904134467247	61.971830985915496	23.943661971830984
MAXBIN__057	Unknown_Porticoccaceae	1324606	154	20945	45.9078162169480.0	0.0
MAXBIN__058	Unknown_Euryarchaeota	2575306	642	5922	41.45362909375198	92.10526315789474	31.57894736842105
MAXBIN__059	Candidatus Thioglobus	203923	51	6910	37.69146924688198	0.0	0.0
MAXBIN__060	Unknown	3651779	380	22365	56.8786271134779	95.77464788732394	0.0
MAXBIN__061	Unknown_Pelagibacteraceae	355906	244	1407	30.127091102745958	32.394366197183096	21.12676056338028
MAXBIN__062	None	1604754	1070	1436	34.56349162390266	0.0	0.0
MAXBIN__063	Unknown	2510389	1379	1831	36.092675076744804	0.0	0.0
MAXBIN__064	Unknown	1985530	930	2361	50.4537215517957	46.478873239436616	11.267605633802816
MAXBIN__065	Candidatus Thioglobus	2007560	341	19166	41.452577919516100.0	19.718309859154928
MAXBIN__066	Candidatus Pelagibacter	666711	522	1227	26.604097617369092	29.577464788732396	28.169014084507044
MAXBIN__067	Unknown_Pelagibacteraceae	313275	227	1355	29.236598898018745	28.169014084507044	1.408450704225352
MAXBIN__068	Unknown_Actinobacteria	2169490	538	5337	54.82436401726068	60.563380281690144	19.718309859154928
MAXBIN__069	Unknown_Actinobacteria	1914004	510	5375	54.07844833844102	56.33802816901409	40.84507042253521
MAXBIN__070	Unknown	2202833	598	5646	45.05118316019624	71.83098591549296	2.816901408450704
MAXBIN__071	Candidatus Pelagibacter	502076	368	1307	27.216730205391436	0.0	0.0
MAXBIN__072	Unknown_Thaumarchaeota	218807	104	2206	34.37136113662512	0.0	0.0
MAXBIN__073	Unknown	2252084	1099	2238	30.37290837670796	59.15492957746479	43.66197183098591
MAXBIN__074	Unknown_Pelagibacteraceae	831549	540	1465	31.83047348569723	26.760563380281692	16.901408450704224
MAXBIN__075	Unknown	751186	360	2033	40.994872000316924	0.0	0.0
MAXBIN__076	Unknown	501560	205	2681	47.18367230557602	0.0	0.0
MAXBIN__077	Unknown	215881	97	2741	49.157539535210134	0.0	0.0
MAXBIN__078	Nitrosopumilus	3174469	2088	1471	27.798842592025107	0.0	0.0
MAXBIN__079	Unknown	1674450	793	2328	56.43877328486375	57.74647887323944	36.61971830985915
MAXBIN__080	Candidatus Pelagibacter	301182	214	1380	31.631584939160177	25.35211267605634	15.492957746478874
MAXBIN__081	Unknown	5637620	2718	2182	60.088981531526684	54.929577464788736	83.09859154929578
MAXBIN__082	Candidatus Pelagibacter	851680	589	1396	32.02029778558397	0.0	0.0
MAXBIN__083	Candidatus Pelagibacter	994302	766	1225	26.546940745816023	0.0	0.0
MAXBIN__084	None	1717260	1182	1406	39.5354966362885	0.0	0.0
MAXBIN__085	None	2314867	1429	1579	44.69870742316236	0.0	0.0
MAXBIN__086	Unknown	2773360	444	11077	59.02522769884002	46.478873239436616	14.084507042253522
MAXBIN__087	Unknown	1470862	754	2073	56.29862370150385	38.028169014084504	18.309859154929576
MAXBIN__088	Unknown	2191898	451	8801	60.312430737160625	42.25352112676056	16.901408450704224
MAXBIN__089	Unknown_Pelagibacteraceae	201220	147	1281	33.87665192181989	0.0	0.0
MAXBIN__090	Unknown	106818	50	2464	40.873931913640064	0.0	0.0
MAXBIN__091	Unknown_Euryarchaeota	2152889	711	4159	49.956286827742865	80.26315789473684	14.473684210526315
MAXBIN__092	Unknown_Thaumarchaeota	246478	124	1881	33.68515733151458	0.0	0.0
MAXBIN__093	Nitrosopumilus	3125404	1584	1964	32.117937826192836	68.42105263157895	123.6842105263158
MAXBIN__094	Candidatus Pelagibacter	258560	189	1292	27.726150506728242	0.0	0.0
MAXBIN__095	Unknown	290433	206	1382	32.60892531561924	39.436619718309856	30.985915492957748
MAXBIN__096	Unknown	2049477	1271	1567	31.977983415804516	0.0	0.0
MAXBIN__097	Unknown_Euryarchaeota	1565430	856	1899	45.67905820870106	67.10526315789474	21.05263157894737
MAXBIN__098	None	2765523	1788	1504	34.942702499985124	0.0	0.0
MAXBIN__099	Unknown	2936503	2042	1362	26.793448383055484	45.070422535211264	66.19718309859155
MAXBIN__100	Candidatus Pelagibacter	429744	316	1284	33.56019935308504	26.760563380281692	14.084507042253522
MAXBIN__101	Unknown	2731515	1526	1780	39.84191739588091	0.0	0.0
MAXBIN__102	Unknown_Cryomorphaceae	2902290	1402	2146	33.81665818800215	97.1830985915493	67.6056338028169
MAXBIN__103	Unknown_Thaumarchaeota	328522	215	1491	34.90365817711872	0.0	0.0
MAXBIN__104	Unknown	1752027	910	1855	33.12939153052036	56.578947368421055	19.736842105263158
MAXBIN__105	Candidatus Pelagibacter	397217	287	1334	34.85830825840469	19.718309859154928	23.943661971830984
MAXBIN__106	Unknown	1929469	1285	1441	42.40429902707648	0.0	0.0
MAXBIN__107	Unknown	2328279	1233	1927	56.83808174965029	23.943661971830984	11.267605633802816
MAXBIN__108	Unknown_Euryarchaeota	1863109	1013	1858	42.21933548986889	50.0	26.31578947368421
MAXBIN__109	Unknown	4840790	2257	2370	58.69247149641572	88.73239436619718	77.46478873239437
MAXBIN__110	Candidatus Pelagibacter	741114	537	1327	30.244658437183304	0.0	0.0
MAXBIN__111	Nitrospina	164077	66	2791	37.88760283551792	0.0	0.0
MAXBIN__112	Nitrospina	561897	272	2238	40.10512237716823	26.760563380281692	4.225352112676056
MAXBIN__113	Unknown	504698	360	1314	29.448008990065528	35.2112676056338	19.718309859154928
MAXBIN__114	Nitrosopumilus	3290637	2038	1575	29.861558409328897	30.263157894736842	51.31578947368421
MAXBIN__115	Unknown	768624	357	2275	58.07494156396367	18.309859154929576	1.408450704225352
MAXBIN__116	Nitrosopumilus	3432568	2102	1583	30.719161425473963	59.21052631578947	113.15789473684211
MAXBIN__117	Unknown	902630	342	3260	57.996333567591904	59.15492957746479	42.25352112676056
MAXBIN__118	Unknown_Euryarchaeota	944298	399	2708	57.979265267639825	57.89473684210526	1.3157894736842106
MAXBIN__119	Nitrospina	303869	137	2390	41.4620742955714	0.0	0.0
MAXBIN__120	Unknown	7036600	2065	7102	59.32262052886351	90.14084507042253	53.521126760563384
MAXBIN__121	Unknown_Thaumarchaeota	1507441	882	1668	34.95995664227260.526315789473685	67.10526315789474
MAXBIN__122	Unknown	3593939	2052	1737	53.92463008434175	71.83098591549296	52.11267605633803
MAXBIN__123	Candidatus Pelagibacter	313434	239	1280	29.37839758620245	35.2112676056338	28.169014084507044
MAXBIN__124	Nitrosopumilus	1280767	797	1587	33.976354197504776	30.263157894736842	43.421052631578945
MAXBIN__125	None	896004	445	1980	42.60847188318027	40.84507042253521	36.61971830985915
MAXBIN__126	Unknown_Viruses	2500466	1464	1669	36.9578109439429	0.0	0.0
MAXBIN__127	Candidatus Pelagibacter	512504	369	1337	29.426026147551383	53.521126760563384	19.718309859154928
MAXBIN__128	Candidatus Pelagibacter	465490	334	1332	29.351951130418346	40.84507042253521	22.535211267605632
MAXBIN__129	Unknown	951698	503	1954	35.573814988702416	0.0	0.0
MAXBIN__130	None	212976	162	1243	31.996463449183725	0.0	0.0
MAXBIN__131	Candidatus Pelagibacter	1698687	1150	1445	28.643260077470828	36.61971830985915	36.61971830985915
MAXBIN__132	Nitrospina	1737359	902	2038	36.101396736870555	0.0	0.0
MAXBIN__133	Unknown	4911967	2742	1750	61.46034976962608	46.478873239436616	18.309859154929576
MAXBIN__134	Candidatus Pelagibacter	258445	195	1277	26.98880280787817	19.718309859154928	8.450704225352112
MAXBIN__135	None	1449337	908	1518	49.56202290806695	0.0	0.0
MAXBIN__136	Unknown	4434149	1956	2659	50.43234985236504	67.6056338028169	56.33802816901409
MAXBIN__137	Unknown	2424675	1054	2664	56.40200978112717	78.87323943661971	61.971830985915496
MAXBIN__138	Candidatus Pelagibacter	719755	529	1308	28.093650034063888	38.028169014084504	26.760563380281692
MAXBIN__139	Unknown_Thaumarchaeota	403021	256	1501	32.474792374398184	0.0	0.0
MAXBIN__140	Unknown	582486	287	2080	33.19119073099006	46.478873239436616	30.985915492957748
MAXBIN__141	Unknown	4755281	2133	2577	54.80850022988174	36.61971830985915	18.309859154929576
MAXBIN__142	Candidatus Pelagibacter	438832	322	1297	34.324982729990076	0.0	0.0
MAXBIN__143	Unknown	3214321	1151	3819	46.659741518208676	84.50704225352112	69.01408450704226
MAXBIN__144	Candidatus Pelagibacter	2357832	1592	1429	32.62346839386886	0.0	0.0
MAXBIN__145	Unknown	2715113	1174	2786	62.37924656100766	66.19718309859155	29.577464788732396
MAXBIN__146	Candidatus Pelagibacter	2616705	1817	1376	29.702046821150475	0.0	0.0
MAXBIN__147	Nitrosopumilus	139616	90	1496	33.57757799568988	0.0	0.0
MAXBIN__148	Unknown_Thaumarchaeota	441163	275	1553	32.47870679332282	0.0	0.0
MAXBIN__149	Unknown	5188937	2132	2949	61.34138595279761	63.38028169014085	36.61971830985915
MAXBIN__150	None	2600429	1461	1717	31.747117648303387	0.0	0.0
MAXBIN__151	Unknown	2413223	916	3143	54.408541435660865	33.80281690140845	4.225352112676056
MAXBIN__152	Unknown	2399797	1011	2810	55.41125549942804	60.563380281690144	30.985915492957748
MAXBIN__153	Unknown_Euryarchaeota	1580339	749	2363	45.80321525502326	71.05263157894737	38.1578947368421
MAXBIN__154	None	2140246	1359	1501	58.28879874741961	0.0	0.0
MAXBIN__155	Unknown_Pelagibacteraceae	583831	432	1296	29.76023282001512	52.11267605633803	22.535211267605632
MAXBIN__156	Unknown	2933793	1301	2438	56.44800117453583	54.929577464788736	22.535211267605632
MAXBIN__157	Unknown	872613	534	1634	53.77213359644987	0.0	0.0
MAXBIN__158	Unknown_Euryarchaeota	2056594	1109	1852	46.71949050022059	40.78947368421053	23.68421052631579
MAXBIN__159	Unknown	2066723	872	2867	39.77636682912972	33.80281690140845	14.084507042253522
MAXBIN__160	Unknown	934922	376	3135	41.96807751407014	0.0	0.0
MAXBIN__161	Unknown	131719	67	2148	54.94908927991218	0.0	0.0
MAXBIN__162	None	2573803	1691	1477	30.682592197246983	0.0	0.0
MAXBIN__163	Unknown	3030411	1413	2205	50.85698950413384	54.929577464788736	1.408450704225352
MAXBIN__164	Candidatus Pelagibacter	316957	243	1255	30.338030483133245	40.84507042253521	30.985915492957748
MAXBIN__165	Unknown	295892	218	1289	32.42487741900831	36.61971830985915	21.12676056338028
MAXBIN__166	Unknown_Euryarchaeota	2099049	733	4172	45.439304999808414	65.78947368421052	15.789473684210526
MAXBIN__167	Unknown	505644	307	1576	33.29905423610627	19.718309859154928	7.042253521126761
MAXBIN__168	Unknown	1818054	1213	1424	35.77213956425132	0.0	0.0
MAXBIN__169	Candidatus Pelagibacter	275680	215	1209	32.04026007365125.35211267605634	12.67605633802817
MAXBIN__170	Unknown	2964022	2017	1434	27.960125385638655	0.0	0.0
MAXBIN__171	Unknown	298959	146	2325	46.685019924041015	0.0	0.0
MAXBIN__172	Unknown_Euryarchaeota	3088914	1612	1986	43.45512092604808	0.0	0.0
MAXBIN__173	None	2583872	1507	1642	53.13430024325694	0.0	0.0
MAXBIN__174	Unknown	2082076	946	2466	43.464512705222084	45.070422535211264	36.61971830985915
MAXBIN__175	Unknown	1616361	744	2527	38.52690947058958	0.0	0.0
MAXBIN__176	Unknown	6120873	2151	4104	60.928268241626924	50.70422535211268	16.901408450704224
MAXBIN__177	None	964902	579	1643	42.1280823298779	47.88732394366197	49.29577464788732
MAXBIN__178	Unknown	530935	322	1638	37.65073134539809	0.0	0.0
MAXBIN__179	Unknown	3577093	779	8783	55.2219468142732	40.84507042253521	0.0
MAXBIN__180	None	1661429	1006	1635	47.58792524149688	32.394366197183096	23.943661971830984
MAXBIN__181	Unknown_Euryarchaeota	1481157	646	2637	53.628990283704546	52.63157894736842	18.42105263157895
MAXBIN__182	Unknown	1210381	525	2613	43.35228974553425	40.84507042253521	21.12676056338028
MAXBIN__183	Gemmatimonas	7384099	3460	2203	63.95292611575142	80.28169014084507	74.64788732394366
MAXBIN__184	Unknown_Acidobacteria	1365747	621	2530	51.70077890070236	22.535211267605632	7.042253521126761
MAXBIN__185	Unknown_Euryarchaeota	1155566	487	2834	56.94433600199699	48.68421052631579	5.2631578947368425
MAXBIN__186	Unknown	1000223	601	1650	34.95365935344314	0.0	0.0
MAXBIN__187	Unknown	499809	341	1367	36.80309262046993	33.80281690140845	28.169014084507044
MAXBIN__188	Unknown	3982530	1888	2284	58.757479722913466	56.33802816901409	18.309859154929576
MAXBIN__189	Unknown	1085661	521	2199	42.53962755860058	0.0	0.0
MAXBIN__190	Unknown	3602223	2301	1543	59.913382779816885	57.74647887323944	14.084507042253522
MAXBIN__191	Unknown_Euryarchaeota	1126732	564	2113	42.947805539081564	28.94736842105263	10.526315789473685
MAXBIN__192	Unknown	3392544	1659	2200	50.9217052235864	81.69014084507042	101.40845070422536
MAXBIN__193	Unknown	589442	355	1637	34.5730889209854	67.6056338028169	80.28169014084507
MAXBIN__194	Unknown	1007556	641	1563	30.96627852506071	0.0	0.0
MAXBIN__195	Unknown	877918	556	1535	33.10579838469614	0.0	0.0
MAXBIN__196	Candidatus Pelagibacter	381302	273	1356	28.473332658654442	0.0	0.0
MAXBIN__197	Unknown	1585489	983	1583	38.55434906175434	28.169014084507044	18.309859154929576
MAXBIN__198	Unknown_Euryarchaeota	2347149	1137	2157	40.39403044827905	31.57894736842105	11.842105263157896
MAXBIN__199	None	2361574	1437	1585	35.89602720339008	0.0	0.0
MAXBIN__200	Unknown	143212	55	3335	46.62067079357186	0.0	0.0
MAXBIN__201	Unknown_Acidobacteria	256551	99	2959	49.090491476501484	32.394366197183096	5.633802816901408
MAXBIN__202	Unknown	2113396	1136	1815	56.134512773562825	59.15492957746479	49.29577464788732
MAXBIN__203	Unknown	5840741	3122	1904	59.0527197649737	63.38028169014085	47.88732394366197
MAXBIN__204	None	718462	448	1521	42.018758845040146	21.12676056338028	8.450704225352112
MAXBIN__205	Unknown	473666	295	1486	33.26584831534087	60.563380281690144	70.4225352112676
MAXBIN__206	None	2736283	1389	1881	34.30134841112941	0.0	0.0
MAXBIN__207	Unknown	3342791	1661	2134	51.26301501178957	35.2112676056338	1.408450704225352
MAXBIN__208	Candidatus Pelagibacter	364802	266	1338	27.979574434444526	0.0	0.0
MAXBIN__209	Unknown	1211642	820	1442	30.44976130988193	0.0	0.0
MAXBIN__210	Unknown	3573811	2381	1457	62.639972174966786	53.521126760563384	42.25352112676056
MAXBIN__211	Unknown	1067476	648	1633	29.38038718834541	0.0	0.0
MAXBIN__212	Unknown_Euryarchaeota	2365784	1009	2834	48.987287014102904	35.526315789473685	10.526315789473685
MAXBIN__213	Unknown	3208892	999	4794	52.00899448276749	84.50704225352112	40.84507042253521
MAXBIN__214	None	1439015	807	1694	47.537033112599616	0.0	0.0
MAXBIN__215	Unknown	912681	512	1762	31.75592686195377	32.394366197183096	29.577464788732396
MAXBIN__216	Unknown	1822754	932	2044	41.36843537263954	0.0	0.0
MAXBIN__217	Unknown	665721	380	1740	32.36179046507001	0.0	0.0
MAXBIN__218	Unknown	4375820	2391	1805	59.7640686663737	47.88732394366197	33.80281690140845
MAXBIN__219	Unknown	1642627	998	1630	49.52041754574809	36.61971830985915	2.816901408450704
MAXBIN__220	Unknown_Viruses	2536393	1424	1750	32.05676194755495	0.0	0.0
MAXBIN__221	Unknown	319759	168	1919	38.6020231691658	35.2112676056338	18.309859154929576
MAXBIN__222	Candidatus Pelagibacter	513355	355	1383	29.66558479457705	0.0	0.0
MAXBIN__223	Unknown	2965813	1492	2144	59.20783225749639	43.66197183098591	1.408450704225352
MAXBIN__224	Unknown	997811	533	1906	32.85982483665252	57.74647887323944	23.943661971830984
MAXBIN__225	None	2514242	1527	1609	40.55124834243765	0.0	0.0
MAXBIN__226	None	2223361	1394	1541	35.72743051031737	0.0	0.0
MAXBIN__227	Unknown	2828279	1213	2532	44.058124444688765	54.929577464788736	23.943661971830984
MAXBIN__228	Unknown	5160886	1842	3623	62.40516286950931	88.73239436619718	46.478873239436616
MAXBIN__229	None	2397077	1406	1651	32.71464217583817	0.0	0.0
MAXBIN__230	Unknown	458671	199	2625	45.45026554094084	38.028169014084504	12.67605633802817
MAXBIN__231	None	4023137	1402	5042	52.49797806803509	63.38028169014085	16.901408450704224
MAXBIN__232	Polaribacter	1116638	448	2901	32.739894548827884	29.577464788732396	12.67605633802817
MAXBIN__233	Unknown	1829169	1177	1488	40.55527293821751	0.0	0.0
MAXBIN__234	Unknown	830340	403	2312	42.93049430138083	0.0	0.0
MAXBIN__235	None	1761833	1202	1376	36.37144374031669	47.88732394366197	16.901408450704224
MAXBIN__236	Unknown	623162	422	1431	29.832603196154462	49.29577464788732	43.66197183098591
MAXBIN__237	Unknown	2588882	1521	1650	44.90602781371527	39.436619718309856	21.12676056338028
MAXBIN__238	Unknown	4819934	3173	1479	62.90204409466851	39.436619718309856	12.67605633802817
MAXBIN__239	Unknown	1006107	433	2797	32.58270263757523	60.563380281690144	54.929577464788736
MAXBIN__240	Unknown_Porticoccaceae	1552609	755	2122	47.97147276312039	0.0	0.0
MAXBIN__241	Unknown	1783110	976	1809	37.28500490302454	45.070422535211264	43.66197183098591
MAXBIN__242	Unknown	3884245	2550	1484	65.3518177591815	40.84507042253521	11.267605633802816
MAXBIN__243	Unknown	132104	94	1316	33.40187443077875	0.0	0.0
MAXBIN__244	Unknown	1218645	647	1899	57.33607669428413	25.35211267605634	4.225352112676056
MAXBIN__245	Unknown	1044621	664	1505	29.048652486503595	0.0	0.0
MAXBIN__246	Unknown	1005615	577	1758	36.55816305893108	0.0	0.0
MAXBIN__247	Polaribacter	2255968	1171	2056	30.527300612256177	74.64788732394366	84.50704225352112
MAXBIN__248	Unknown	758328	391	1912	36.35613384873339	21.12676056338028	29.577464788732396
MAXBIN__249	None	3356585	2099	1534	57.100963570750565	40.84507042253521	12.67605633802817
MAXBIN__250	Unknown	338814	165	2245	39.287583898120545	0.0	0.0
MAXBIN__251	Unknown	1679551	814	2249	49.07380577827301	84.50704225352112	61.971830985915496
MAXBIN__252	Unknown	2086095	1276	1570	28.178262030386016	50.70422535211268	52.11267605633803
MAXBIN__253	Unknown	2454726	1260	1991	40.80328725141935	77.46478873239437	145.07042253521126
MAXBIN__254	Unknown	273478	158	1685	38.23108193729834	29.577464788732396	16.901408450704224
MAXBIN__255	Unknown	703824	461	1517	30.21575124912495	39.436619718309856	22.535211267605632
MAXBIN__256	Unknown	305264	221	1330	32.34118827551779	32.394366197183096	8.450704225352112
MAXBIN__257	Unknown	1534003	1005	1506	58.720934742511545	43.66197183098591	5.633802816901408
MAXBIN__258	Unknown	1693643	866	2015	49.79328205654753	0.0	0.0
MAXBIN__259	Unknown	1264613	828	1493	42.5391515790708	35.2112676056338	19.718309859154928
MAXBIN__260	Unknown	171484	83	2005	53.754019069348004	0.0	0.0
MAXBIN__261	Unknown	1204341	591	2201	35.17247584629862	0.0	0.0
MAXBIN__262	Unknown	2467719	1288	2056	56.656846767864465	70.4225352112676	29.577464788732396
MAXBIN__263	Unknown	4374850	2903	1472	63.14295970564777	49.29577464788732	19.718309859154928
MAXBIN__264	Unknown	2538047	1251	2140	56.073958441438435	53.521126760563384	26.760563380281692
MAXBIN__265	Unknown_Euryarchaeota	1104685	520	2381	42.984757767574266	46.05263157894737	27.63157894736842
MAXBIN__266	Unknown	5301209	3089	1724	63.87273024822547	54.929577464788736	56.33802816901409
MAXBIN__267	Unknown	1533321	941	1561	40.17520124537018	0.0	0.0
MAXBIN__268	Haloferula	4044611	1071	8990	57.483225839963836	94.36619718309859	25.35211267605634
MAXBIN__269	None	2424751	1233	1887	37.62208316346721	0.0	0.0
MAXBIN__270	Unknown	113069	77	1401	34.34358615800811	0.0	0.0
MAXBIN__271	Unknown	4214640	2596	1618	58.89102189783234	59.15492957746479	43.66197183098591
MAXBIN__272	Unknown_Viruses	2159674	1383	1476	38.71804991166921	0.0	0.0
MAXBIN__273	Unknown	913783	518	1821	36.9768084157282	0.0	0.0
MAXBIN__274	Unknown	2799350	1439	2037	56.38548370011708	61.971830985915496	35.2112676056338
MAXBIN__275	None	1589552	967	1603	32.58425511117635	0.0	0.0
MAXBIN__276	Burkholderia	6037697	2041	3669	67.03240475474671	52.11267605633803	4.225352112676056
MAXBIN__277	Unknown_Actinobacteria	2959520	1122	3273	66.02388608495042	87.32394366197182	63.38028169014085
MAXBIN__278	Unknown	1168361	526	2718	45.824882345585536	59.15492957746479	16.901408450704224
MAXBIN__279	Unknown	1516450	393	5327	44.88846973777464	71.83098591549296	9.859154929577464
MAXBIN__280	Unknown	2184172	1302	1600	59.11874168220022	64.78873239436619	61.971830985915496
MAXBIN__281	None	1120813	658	1647	47.75805402723435	35.2112676056338	18.309859154929576
MAXBIN__282	Unknown	999043	647	1476	33.47034944536096	0.0	0.0
MAXBIN__283	Unknown_Euryarchaeota	2091773	934	2653	59.06927532138677	73.6842105263158	25.0
MAXBIN__284	None	2007385	1253	1527	44.85732510197536	50.70422535211268	36.61971830985915
MAXBIN__285	Unknown	3150158	2035	1544	57.842485627706274	52.11267605633803	14.084507042253522
MAXBIN__286	Unknown	504084	332	1400	33.94453830894524	0.0	0.0
MAXBIN__287	Unknown	1525917	922	1639	29.134758856786185	35.2112676056338	30.985915492957748
MAXBIN__288	Unknown_Alphaproteobacteria	233535	132	1766	38.68797562163055	0.0	0.0
MAXBIN__289	None	2255321	1399	1492	42.03052292667222	0.0	0.0
MAXBIN__290	Unknown	3567334	2111	1715	59.36539736015361	84.50704225352112	87.32394366197182
MAXBIN__291	None	1908974	1255	1418	44.17634261495465	0.0	0.0
MAXBIN__292	Unknown	5386701	2033	3525	61.19738888114495	95.77464788732394	46.478873239436616
MAXBIN__293	None	976531	534	1661	48.21745302727432	32.394366197183096	35.2112676056338
MAXBIN__294	Unknown	4443410	2155	2228	58.00795101258519	33.80281690140845	9.859154929577464
MAXBIN__295	Unknown	161605	82	2029	52.418822716547396	0.0	0.0
MAXBIN__296	None	2095201	1262	1533	38.86042517637711	0.0	0.0
MAXBIN__297	None	2589573	1406	1785	34.058807155877005	0.0	0.0
MAXBIN__298	None	1557466	1045	1433	51.09856722877368	0.0	0.0
MAXBIN__299	Unknown	394929	248	1581	31.46260637448543	0.0	0.0
MAXBIN__300	None	2583092	1367	1892	30.67842149088299	0.0	0.0
MAXBIN__301	Unknown	3220242	1310	3154	53.729121150351986	63.38028169014085	22.535211267605632
MAXBIN__302	Unknown_Candidatus_Thalassoarchaea	2439829	850	3944	37.37399496032214	65.78947368421052	82.89473684210526
MAXBIN__303	Unknown_Candidatus_Thalassoarchaea	2564603	927	3728	37.90913906693824	0.0	0.0
MAXBIN__304	Candidatus Thioglobus	2191232	1202	1833	39.73089410551097	46.478873239436616	38.028169014084504
MAXBIN__305	None	178122	101	1761	35.354605872794146	0.0	0.0
MAXBIN__306	Unknown_Euryarchaeota	1641386	242	32179	53.66621986173582	88.15789473684211	7.894736842105263
MAXBIN__307	Unknown	642731	392	1525	45.47941227745575	0.0	0.0
MAXBIN__308	Unknown	273635	143	1911	33.15030183359509	0.0	0.0
MAXBIN__309	Unknown	1451493	747	2068	34.68633975640629	0.0	0.0
MAXBIN__310	Unknown_Gammaproteobacteria	125168	76	1600	34.72826501262832	0.0	0.0
MAXBIN__311	Unknown	7243834	2680	3428	59.794077122343836	81.69014084507042	56.33802816901409
MAXBIN__312	Nitrospina	1903860	831	2552	42.60040836149189	64.78873239436619	47.88732394366197
MAXBIN__313	None	761840	369	2169	36.13284879658723	0.0	0.0
MAXBIN__314	None	773303	410	1908	36.26620104563514	19.718309859154928	0.0
MAXBIN__315	Unknown_Gammaproteobacteria	1005629	510	2173	37.69197205324805	33.80281690140845	29.577464788732396
MAXBIN__316	Unknown_Actinobacteria	2483519	921	3580	68.62778142201464	38.028169014084504	16.901408450704224
MAXBIN__317	Unknown_Gammaproteobacteria	3057000	1290	2262	53.368102083637545	74.64788732394366	53.521126760563384
MAXBIN__318	Ralstonia	2420554	1597	1447	65.83092267994768	23.943661971830984	1.408450704225352
MAXBIN__319	Unknown	269226	203	1270	49.95031409711685	0.0	0.0
MAXBIN__320	None	3587484	2367	1425	62.58451336904805	0.0	0.0
MAXBIN__321	Prasinovirus	2069850	816	3127	39.903001851650565	0.0	0.0
MAXBIN__322	Unknown	373905	144	2739	35.43602986183561	42.25352112676056	9.859154929577464
MAXBIN__323	Unknown	2400167	770	16040	52.075275344420234	100.0	40.84507042253521
MAXBIN__324	Unknown_Euryarchaeota	3782806	1868	2166	45.69415761316617	89.47368421052632	89.47368421052632
MAXBIN__325	Unknown	392379	206	1999	35.125990033591755	32.394366197183096	2.816901408450704
MAXBIN__326	Unknown	1725449	521	118769	54.143096143072626	61.971830985915496	4.225352112676056
MAXBIN__327	Unknown	1026971	567	1659	44.9722168872494	0.0	0.0
MAXBIN__328	Candidatus Thioglobus	806156	445	1814	37.02326372980891	0.0	0.0
MAXBIN__329	Unknown	807052	458	1776	35.42588688543227	49.29577464788732	30.985915492957748
MAXBIN__330	Unknown	3566575	1275	3992	56.44724401104797	43.66197183098591	23.943661971830984
MAXBIN__331	Unknown	302047	176	1750	44.028740126582086	0.0	0.0
MAXBIN__332	Unknown_Verrucomicrobia	3921610	1063	5635	49.64818149175423	83.09859154929578	16.901408450704224
MAXBIN__333	Unknown	2728455	1002	3678	50.07325126939713	70.4225352112676	8.450704225352112
MAXBIN__334	Unknown	4446897	2414	1911	54.615261775627886	42.25352112676056	2.816901408450704
MAXBIN__335	Unknown	2211543	944	2742	36.89429969297627	56.33802816901409	16.901408450704224
MAXBIN__336	Unknown	4025041	1918	2310	68.90745005957825	47.88732394366197	7.042253521126761
MAXBIN__337	None	114108	60	1922	36.2589409981944	0.0	0.0
MAXBIN__338	Pseudomonas	3748065	866	8362	61.78273465923662	91.54929577464789	8.450704225352112
MAXBIN__339	None	2359593	255	161981	41.700945183142274	100.0	2.6315789473684212
MAXBIN__340	None	638793	337	1815	38.62913982717785	0.0	0.0
MAXBIN__341	None	679769	297	2356	37.735785142299136	0.0	0.0
MAXBIN__342	None	159047	84	1774	36.2301747542096	0.0	0.0
MAXBIN__343	Unknown	3133402	1547	2050	49.96382364548162	49.29577464788732	21.12676056338028
MAXBIN__344	Rhodopirellula	5100440	2693	1977	51.790846999280525	47.88732394366197	7.042253521126761
MAXBIN__345	Unknown_Euryarchaeota	2812118	958	4719	51.436979319302424	92.10526315789474	26.31578947368421
MAXBIN__346	Sulfitobacter	2378362	113	101494	61.18309092436077	39.436619718309856	4.225352112676056
MAXBIN__347	Sulfitobacter	1105482	228	7350	58.98049855310777	0.0	0.0
MAXBIN__348	Glaciecola	553091	100	33554	41.298697962805974	0.0	0.0
MAXBIN__349	None	416983	123	6529	36.09467377516299	0.0	0.0
MAXBIN__350	None	154102	78	1949	35.62323049109201	0.0	0.0
MAXBIN__351	Unknown	186113	125	1477	53.3429418047644	0.0	0.0
MAXBIN__352	Pyrococcus	1806498	51	165058	44.983836544342644	100.0	1.3157894736842106
MAXBIN__353	Geobacillus	3225758	135	49226	52.72856507822547	95.77464788732394	1.408450704225352
MAXBIN__354	Unknown_Alphaproteobacteria	1266684	674	1958	49.21348570129203	46.478873239436616	2.816901408450704
MAXBIN__355	Alteromonas	198022	64	4371	44.50815140186996	0.0	0.0
MAXBIN__356	Alteromonas	646021	234	3280	44.91748502504221	0.0	0.0
MAXBIN__357	Thermus	1613334	544	3682	69.12305813660544	87.32394366197182	1.408450704225352
MAXBIN__358	Alteromonas	296871	107	3193	43.42724815200187	0.0	0.0
